1.46071e-31 2.37787e-33 2.74332e-35 1.99979e-37 6.92706e-40           0           0           0           0           0           0           0           0           0           0           0 9.96585e-17 2.38221e-16 3.29732e-16 3.67902e-16 3.79179e-16 3.81688e-16 3.82124e-16 3.82185e-16 3.82192e-16 3.82192e-16 3.82192e-16 3.82192e-16 3.82192e-16 3.82192e-16 3.82192e-16 3.82192e-16 3.82192e-16 3.82192e-16 3.82192e-16 3.82192e-16 3.82192e-16 3.82192e-16 3.82192e-16 3.82192e-16 3.82192e-16 3.82192e-16 3.82192e-16 3.82192e-16 3.82192e-16 3.82192e-16 3.82192e-16 3.82192e-16 3.82192e-16 2.82534e-16 1.43971e-16 5.24607e-17 1.42905e-17 3.01298e-18  5.0418e-19 6.81585e-20 7.53507e-21 6.86577e-22 5.17783e-23 3.23493e-24 1.67044e-25 7.08769e-27 2.44621e-28 6.76037e-30
2.37787e-33 3.87091e-35 4.46582e-37 3.25543e-39 1.12765e-41           0           0           0           0           0           0           0           0           0           0           0 1.62233e-18 3.87797e-18 5.36766e-18 5.98903e-18 6.17261e-18 6.21345e-18 6.22055e-18 6.22154e-18 6.22165e-18 6.22166e-18 6.22166e-18 6.22166e-18 6.22166e-18 6.22166e-18 6.22166e-18 6.22166e-18 6.22166e-18 6.22166e-18 6.22166e-18 6.22166e-18 6.22166e-18 6.22166e-18 6.22166e-18 6.22166e-18 6.22166e-18 6.22166e-18 6.22166e-18 6.22166e-18 6.22166e-18 6.22166e-18 6.22166e-18 6.22166e-18 6.22166e-18 4.59933e-18 2.34369e-18 8.54001e-19 2.32634e-19  4.9048e-20 8.20749e-21 1.10954e-21 1.22663e-22 1.11767e-23 8.42893e-25  5.2661e-26 2.71929e-27  1.1538e-28 3.98215e-30 1.10051e-31
2.74332e-35 4.46582e-37 5.15216e-39 3.75575e-41 1.30095e-43           0           0           0           0           0           0           0           0           0           0           0 1.87166e-20 4.47397e-20  6.1926e-20 6.90947e-20 7.12127e-20 7.16839e-20 7.17658e-20 7.17771e-20 7.17784e-20 7.17785e-20 7.17786e-20 7.17786e-20 7.17786e-20 7.17786e-20 7.17786e-20 7.17786e-20 7.17786e-20 7.17786e-20 7.17786e-20 7.17786e-20 7.17786e-20 7.17786e-20 7.17786e-20 7.17786e-20 7.17786e-20 7.17786e-20 7.17786e-20 7.17786e-20 7.17786e-20 7.17786e-20 7.17786e-20 7.17786e-20 7.17786e-20  5.3062e-20 2.70389e-20 9.85251e-21 2.68387e-21 5.65861e-22 9.46888e-23 1.28007e-23 1.41514e-24 1.28944e-25 9.72435e-27 6.07544e-28 3.13722e-29 1.33112e-30 4.59416e-32 1.26965e-33
1.99979e-37 3.25543e-39 3.75575e-41 2.73782e-43 9.48352e-46           0           0           0           0           0           0           0           0           0           0           0 1.36438e-22 3.26137e-22  4.5142e-22 5.03677e-22 5.19117e-22 5.22551e-22 5.23148e-22 5.23231e-22 5.23241e-22 5.23242e-22 5.23242e-22 5.23242e-22 5.23242e-22 5.23242e-22 5.23242e-22 5.23242e-22 5.23242e-22 5.23242e-22 5.23242e-22 5.23242e-22 5.23242e-22 5.23242e-22 5.23242e-22 5.23242e-22 5.23242e-22 5.23242e-22 5.23242e-22 5.23242e-22 5.23242e-22 5.23242e-22 5.23242e-22 5.23242e-22 5.23242e-22 3.86804e-22 1.97104e-22 7.18215e-23 1.95645e-23 4.12494e-24  6.9025e-25 9.33126e-26 1.03159e-26  9.3996e-28 7.08873e-29 4.42879e-30 2.28693e-31 9.70342e-33 3.34899e-34 9.25531e-36
6.92706e-40 1.12765e-41 1.30095e-43 9.48352e-46 3.28499e-48           0           0           0           0           0           0           0           0           0           0           0 4.72606e-25 1.12971e-24 1.56367e-24 1.74469e-24 1.79817e-24 1.81006e-24 1.81213e-24 1.81242e-24 1.81245e-24 1.81245e-24 1.81245e-24 1.81245e-24 1.81245e-24 1.81245e-24 1.81245e-24 1.81245e-24 1.81245e-24 1.81245e-24 1.81245e-24 1.81245e-24 1.81245e-24 1.81245e-24 1.81245e-24 1.81245e-24 1.81245e-24 1.81245e-24 1.81245e-24 1.81245e-24 1.81245e-24 1.81245e-24 1.81245e-24 1.81245e-24 1.81245e-24 1.33985e-24 6.82749e-25 2.48782e-25 6.77694e-26 1.42883e-26 2.39095e-27 3.23225e-28 3.57333e-29 3.25592e-30 2.45546e-31 1.53409e-32 7.92167e-34 3.36116e-35 1.16006e-36 3.20594e-38
0 0 0 0 0 0 0 0 0 0 0 0 0 0 0 0 0 0 0 0 0 0 0 0 0 0 0 0 0 0 0 0 0 0 0 0 0 0 0 0 0 0 0 0 0 0 0 0 0 0 0 0 0 0 0 0 0 0 0 0 0 0 0 0
0 0 0 0 0 0 0 0 0 0 0 0 0 0 0 0 0 0 0 0 0 0 0 0 0 0 0 0 0 0 0 0 0 0 0 0 0 0 0 0 0 0 0 0 0 0 0 0 0 0 0 0 0 0 0 0 0 0 0 0 0 0 0 0
0 0 0 0 0 0 0 0 0 0 0 0 0 0 0 0 0 0 0 0 0 0 0 0 0 0 0 0 0 0 0 0 0 0 0 0 0 0 0 0 0 0 0 0 0 0 0 0 0 0 0 0 0 0 0 0 0 0 0 0 0 0 0 0
0 0 0 0 0 0 0 0 0 0 0 0 0 0 0 0 0 0 0 0 0 0 0 0 0 0 0 0 0 0 0 0 0 0 0 0 0 0 0 0 0 0 0 0 0 0 0 0 0 0 0 0 0 0 0 0 0 0 0 0 0 0 0 0
0 0 0 0 0 0 0 0 0 0 0 0 0 0 0 0 0 0 0 0 0 0 0 0 0 0 0 0 0 0 0 0 0 0 0 0 0 0 0 0 0 0 0 0 0 0 0 0 0 0 0 0 0 0 0 0 0 0 0 0 0 0 0 0
0 0 0 0 0 0 0 0 0 0 0 0 0 0 0 0 0 0 0 0 0 0 0 0 0 0 0 0 0 0 0 0 0 0 0 0 0 0 0 0 0 0 0 0 0 0 0 0 0 0 0 0 0 0 0 0 0 0 0 0 0 0 0 0
0 0 0 0 0 0 0 0 0 0 0 0 0 0 0 0 0 0 0 0 0 0 0 0 0 0 0 0 0 0 0 0 0 0 0 0 0 0 0 0 0 0 0 0 0 0 0 0 0 0 0 0 0 0 0 0 0 0 0 0 0 0 0 0
0 0 0 0 0 0 0 0 0 0 0 0 0 0 0 0 0 0 0 0 0 0 0 0 0 0 0 0 0 0 0 0 0 0 0 0 0 0 0 0 0 0 0 0 0 0 0 0 0 0 0 0 0 0 0 0 0 0 0 0 0 0 0 0
0 0 0 0 0 0 0 0 0 0 0 0 0 0 0 0 0 0 0 0 0 0 0 0 0 0 0 0 0 0 0 0 0 0 0 0 0 0 0 0 0 0 0 0 0 0 0 0 0 0 0 0 0 0 0 0 0 0 0 0 0 0 0 0
0 0 0 0 0 0 0 0 0 0 0 0 0 0 0 0 0 0 0 0 0 0 0 0 0 0 0 0 0 0 0 0 0 0 0 0 0 0 0 0 0 0 0 0 0 0 0 0 0 0 0 0 0 0 0 0 0 0 0 0 0 0 0 0
0 0 0 0 0 0 0 0 0 0 0 0 0 0 0 0 0 0 0 0 0 0 0 0 0 0 0 0 0 0 0 0 0 0 0 0 0 0 0 0 0 0 0 0 0 0 0 0 0 0 0 0 0 0 0 0 0 0 0 0 0 0 0 0
9.96585e-17 1.62233e-18 1.87166e-20 1.36438e-22 4.72606e-25           0           0           0           0           0           0           0           0           0           0           0    0.067993    0.162529    0.224963    0.251005    0.258699    0.260411    0.260708     0.26075    0.260754    0.260755    0.260755    0.260755    0.260755    0.260755    0.260755    0.260755    0.260755    0.260755    0.260755    0.260755    0.260755    0.260755    0.260755    0.260755    0.260755    0.260755    0.260755    0.260755    0.260755    0.260755    0.260755    0.260755    0.260755    0.192762   0.0982259   0.0357919  0.00974987  0.00205564 0.000343982 4.65018e-05 5.14088e-06 4.68424e-07 3.53263e-08 2.20707e-09 1.13968e-10 4.83565e-12 1.66895e-13 4.61234e-15
2.38221e-16 3.87797e-18 4.47397e-20 3.26137e-22 1.12971e-24           0           0           0           0           0           0           0           0           0           0           0    0.162529    0.388505    0.537745    0.599996    0.618388    0.622479     0.62319    0.623289      0.6233    0.623301    0.623301    0.623301    0.623301    0.623301    0.623301    0.623301    0.623301    0.623301    0.623301    0.623301    0.623301    0.623301    0.623301    0.623301    0.623301    0.623301    0.623301    0.623301    0.623301    0.623301    0.623301    0.623301    0.623301    0.460773    0.234797    0.085556   0.0233058  0.00491375 0.000822247 0.000111157 1.22886e-05 1.11971e-06 8.44431e-08 5.27571e-09 2.72426e-10  1.1559e-11 3.98942e-13 1.10252e-14
3.29732e-16 5.36766e-18  6.1926e-20  4.5142e-22 1.56367e-24           0           0           0           0           0           0           0           0           0           0           0    0.224963    0.537745    0.744316    0.830479    0.855936    0.861599    0.862584     0.86272    0.862736    0.862737    0.862737    0.862737    0.862737    0.862737    0.862737    0.862737    0.862737    0.862737    0.862737    0.862737    0.862737    0.862737    0.862737    0.862737    0.862737    0.862737    0.862737    0.862737    0.862737    0.862737    0.862737    0.862737    0.862737    0.637775    0.324992    0.118422   0.0322586  0.00680132  0.00113811 0.000153857 1.70092e-05 1.54984e-06 1.16881e-07 7.30233e-09 3.77076e-10 1.59993e-11 5.52192e-13 1.52605e-14
3.67902e-16 5.98903e-18 6.90947e-20 5.03677e-22 1.74469e-24           0           0           0           0           0           0           0           0           0           0           0    0.251005    0.599996    0.830479    0.926616     0.95502    0.961339    0.962437     0.96259    0.962607    0.962609    0.962609    0.962609    0.962609    0.962609    0.962609    0.962609    0.962609    0.962609    0.962609    0.962609    0.962609    0.962609    0.962609    0.962609    0.962609    0.962609    0.962609    0.962609    0.962609    0.962609    0.962609    0.962609    0.962609    0.711604    0.362613     0.13213   0.0359929  0.00758866  0.00126985 0.000171667 1.89782e-05 1.72925e-06 1.30412e-07 8.14766e-09 4.20726e-10 1.78514e-11 6.16115e-13  1.7027e-14
3.79179e-16 6.17261e-18 7.12127e-20 5.19117e-22 1.79817e-24           0           0           0           0           0           0           0           0           0           0           0    0.258699    0.618388    0.855936     0.95502    0.984295    0.990808     0.99194    0.992097    0.992115    0.992116    0.992117    0.992117    0.992117    0.992117    0.992117    0.992117    0.992117    0.992117    0.992117    0.992117    0.992117    0.992117    0.992117    0.992117    0.992117    0.992117    0.992117    0.992117    0.992117    0.992117    0.992117    0.992117    0.992117    0.733417    0.373729    0.136181   0.0370962  0.00782128  0.00130878  0.00017693   1.956e-05 1.78225e-06 1.34409e-07 8.39742e-09 4.33623e-10 1.83986e-11 6.35001e-13  1.7549e-14
3.81688e-16 6.21345e-18 7.16839e-20 5.22551e-22 1.81006e-24           0           0           0           0           0           0           0           0           0           0           0    0.260411    0.622479    0.861599    0.961339    0.990808    0.997363    0.998503    0.998661    0.998679    0.998681    0.998681    0.998681    0.998681    0.998681    0.998681    0.998681    0.998681    0.998681    0.998681    0.998681    0.998681    0.998681    0.998681    0.998681    0.998681    0.998681    0.998681    0.998681    0.998681    0.998681    0.998681    0.998681    0.998681     0.73827    0.376202    0.137082   0.0373416  0.00787302  0.00131744   0.0001781 1.96894e-05 1.79405e-06 1.35298e-07 8.45298e-09 4.36492e-10 1.85203e-11 6.39202e-13 1.76651e-14
3.82124e-16 6.22055e-18 7.17658e-20 5.23148e-22 1.81213e-24           0           0           0           0           0           0           0           0           0           0           0    0.260708     0.62319    0.862584    0.962437     0.99194    0.998503    0.999643    0.999802     0.99982    0.999822    0.999822    0.999822    0.999822    0.999822    0.999822    0.999822    0.999822    0.999822    0.999822    0.999822    0.999822    0.999822    0.999822    0.999822    0.999822    0.999822    0.999822    0.999822    0.999822    0.999822    0.999822    0.999822    0.999822    0.739113    0.376631    0.137238   0.0373843  0.00788202  0.00131894 0.000178304 1.97119e-05  1.7961e-06 1.35453e-07 8.46263e-09 4.36991e-10 1.85415e-11 6.39932e-13 1.76853e-14
3.82185e-16 6.22154e-18 7.17771e-20 5.23231e-22 1.81242e-24           0           0           0           0           0           0           0           0           0           0           0     0.26075    0.623289     0.86272     0.96259    0.992097    0.998661    0.999802    0.999961    0.999978     0.99998     0.99998     0.99998     0.99998     0.99998     0.99998     0.99998     0.99998     0.99998     0.99998     0.99998     0.99998     0.99998     0.99998     0.99998     0.99998     0.99998     0.99998     0.99998     0.99998     0.99998     0.99998     0.99998     0.99998    0.739231    0.376691     0.13726   0.0373902  0.00788327  0.00131915 0.000178332  1.9715e-05 1.79638e-06 1.35474e-07 8.46398e-09  4.3706e-10 1.85444e-11 6.40034e-13 1.76881e-14
3.82192e-16 6.22165e-18 7.17784e-20 5.23241e-22 1.81245e-24           0           0           0           0           0           0           0           0           0           0           0    0.260754      0.6233    0.862736    0.962607    0.992115    0.998679     0.99982    0.999978    0.999996    0.999998    0.999998    0.999998    0.999998    0.999998    0.999998    0.999998    0.999998    0.999998    0.999998    0.999998    0.999998    0.999998    0.999998    0.999998    0.999998    0.999998    0.999998    0.999998    0.999998    0.999998    0.999998    0.999998    0.999998    0.739244    0.376698    0.137262   0.0373909  0.00788341  0.00131918 0.000178335 1.97154e-05 1.79641e-06 1.35477e-07 8.46413e-09 4.37068e-10 1.85448e-11 6.40045e-13 1.76884e-14
3.82192e-16 6.22166e-18 7.17785e-20 5.23242e-22 1.81245e-24           0           0           0           0           0           0           0           0           0           0           0    0.260755    0.623301    0.862737    0.962609    0.992116    0.998681    0.999822     0.99998    0.999998           1           1           1           1           1           1           1           1           1           1           1           1           1           1           1           1           1           1           1           1           1           1           1           1    0.739245    0.376699    0.137263    0.037391  0.00788342  0.00131918 0.000178335 1.97154e-05 1.79642e-06 1.35477e-07 8.46414e-09 4.37069e-10 1.85448e-11 6.40047e-13 1.76884e-14
3.82192e-16 6.22166e-18 7.17786e-20 5.23242e-22 1.81245e-24           0           0           0           0           0           0           0           0           0           0           0    0.260755    0.623301    0.862737    0.962609    0.992117    0.998681    0.999822     0.99998    0.999998           1           1           1           1           1           1           1           1           1           1           1           1           1           1           1           1           1           1           1           1           1           1           1           1    0.739245    0.376699    0.137263    0.037391  0.00788342  0.00131918 0.000178335 1.97154e-05 1.79642e-06 1.35477e-07 8.46414e-09 4.37069e-10 1.85448e-11 6.40047e-13 1.76884e-14
3.82192e-16 6.22166e-18 7.17786e-20 5.23242e-22 1.81245e-24           0           0           0           0           0           0           0           0           0           0           0    0.260755    0.623301    0.862737    0.962609    0.992117    0.998681    0.999822     0.99998    0.999998           1           1           1           1           1           1           1           1           1           1           1           1           1           1           1           1           1           1           1           1           1           1           1           1    0.739245    0.376699    0.137263    0.037391  0.00788342  0.00131918 0.000178335 1.97154e-05 1.79642e-06 1.35477e-07 8.46414e-09 4.37069e-10 1.85448e-11 6.40047e-13 1.76884e-14
3.82192e-16 6.22166e-18 7.17786e-20 5.23242e-22 1.81245e-24           0           0           0           0           0           0           0           0           0           0           0    0.260755    0.623301    0.862737    0.962609    0.992117    0.998681    0.999822     0.99998    0.999998           1           1           1           1           1           1           1           1           1           1           1           1           1           1           1           1           1           1           1           1           1           1           1           1    0.739245    0.376699    0.137263    0.037391  0.00788342  0.00131918 0.000178335 1.97154e-05 1.79642e-06 1.35477e-07 8.46414e-09 4.37069e-10 1.85448e-11 6.40047e-13 1.76884e-14
3.82192e-16 6.22166e-18 7.17786e-20 5.23242e-22 1.81245e-24           0           0           0           0           0           0           0           0           0           0           0    0.260755    0.623301    0.862737    0.962609    0.992117    0.998681    0.999822     0.99998    0.999998           1           1           1           1           1           1           1           1           1           1           1           1           1           1           1           1           1           1           1           1           1           1           1           1    0.739245    0.376699    0.137263    0.037391  0.00788342  0.00131918 0.000178335 1.97154e-05 1.79642e-06 1.35477e-07 8.46414e-09 4.37069e-10 1.85448e-11 6.40047e-13 1.76884e-14
3.82192e-16 6.22166e-18 7.17786e-20 5.23242e-22 1.81245e-24           0           0           0           0           0           0           0           0           0           0           0    0.260755    0.623301    0.862737    0.962609    0.992117    0.998681    0.999822     0.99998    0.999998           1           1           1           1           1           1           1           1           1           1           1           1           1           1           1           1           1           1           1           1           1           1           1           1    0.739245    0.376699    0.137263    0.037391  0.00788342  0.00131918 0.000178335 1.97154e-05 1.79642e-06 1.35477e-07 8.46414e-09 4.37069e-10 1.85448e-11 6.40047e-13 1.76884e-14
3.82192e-16 6.22166e-18 7.17786e-20 5.23242e-22 1.81245e-24           0           0           0           0           0           0           0           0           0           0           0    0.260755    0.623301    0.862737    0.962609    0.992117    0.998681    0.999822     0.99998    0.999998           1           1           1           1           1           1           1           1           1           1           1           1           1           1           1           1           1           1           1           1           1           1           1           1    0.739245    0.376699    0.137263    0.037391  0.00788342  0.00131918 0.000178335 1.97154e-05 1.79642e-06 1.35477e-07 8.46414e-09 4.37069e-10 1.85448e-11 6.40047e-13 1.76884e-14
3.82192e-16 6.22166e-18 7.17786e-20 5.23242e-22 1.81245e-24           0           0           0           0           0           0           0           0           0           0           0    0.260755    0.623301    0.862737    0.962609    0.992117    0.998681    0.999822     0.99998    0.999998           1           1           1           1           1           1           1           1           1           1           1           1           1           1           1           1           1           1           1           1           1           1           1           1    0.739245    0.376699    0.137263    0.037391  0.00788342  0.00131918 0.000178335 1.97154e-05 1.79642e-06 1.35477e-07 8.46414e-09 4.37069e-10 1.85448e-11 6.40047e-13 1.76884e-14
3.82192e-16 6.22166e-18 7.17786e-20 5.23242e-22 1.81245e-24           0           0           0           0           0           0           0           0           0           0           0    0.260755    0.623301    0.862737    0.962609    0.992117    0.998681    0.999822     0.99998    0.999998           1           1           1           1           1           1           1           1           1           1           1           1           1           1           1           1           1           1           1           1           1           1           1           1    0.739245    0.376699    0.137263    0.037391  0.00788342  0.00131918 0.000178335 1.97154e-05 1.79642e-06 1.35477e-07 8.46414e-09 4.37069e-10 1.85448e-11 6.40047e-13 1.76884e-14
3.82192e-16 6.22166e-18 7.17786e-20 5.23242e-22 1.81245e-24           0           0           0           0           0           0           0           0           0           0           0    0.260755    0.623301    0.862737    0.962609    0.992117    0.998681    0.999822     0.99998    0.999998           1           1           1           1           1           1           1           1           1           1           1           1           1           1           1           1           1           1           1           1           1           1           1           1    0.739245    0.376699    0.137263    0.037391  0.00788342  0.00131918 0.000178335 1.97154e-05 1.79642e-06 1.35477e-07 8.46414e-09 4.37069e-10 1.85448e-11 6.40047e-13 1.76884e-14
3.82192e-16 6.22166e-18 7.17786e-20 5.23242e-22 1.81245e-24           0           0           0           0           0           0           0           0           0           0           0    0.260755    0.623301    0.862737    0.962609    0.992117    0.998681    0.999822     0.99998    0.999998           1           1           1           1           1           1           1           1           1           1           1           1           1           1           1           1           1           1           1           1           1           1           1           1    0.739245    0.376699    0.137263    0.037391  0.00788342  0.00131918 0.000178335 1.97154e-05 1.79642e-06 1.35477e-07 8.46414e-09 4.37069e-10 1.85448e-11 6.40047e-13 1.76884e-14
3.82192e-16 6.22166e-18 7.17786e-20 5.23242e-22 1.81245e-24           0           0           0           0           0           0           0           0           0           0           0    0.260755    0.623301    0.862737    0.962609    0.992117    0.998681    0.999822     0.99998    0.999998           1           1           1           1           1           1           1           1           1           1           1           1           1           1           1           1           1           1           1           1           1           1           1           1    0.739245    0.376699    0.137263    0.037391  0.00788342  0.00131918 0.000178335 1.97154e-05 1.79642e-06 1.35477e-07 8.46414e-09 4.37069e-10 1.85448e-11 6.40047e-13 1.76884e-14
3.82192e-16 6.22166e-18 7.17786e-20 5.23242e-22 1.81245e-24           0           0           0           0           0           0           0           0           0           0           0    0.260755    0.623301    0.862737    0.962609    0.992117    0.998681    0.999822     0.99998    0.999998           1           1           1           1           1           1           1           1           1           1           1           1           1           1           1           1           1           1           1           1           1           1           1           1    0.739245    0.376699    0.137263    0.037391  0.00788342  0.00131918 0.000178335 1.97154e-05 1.79642e-06 1.35477e-07 8.46414e-09 4.37069e-10 1.85448e-11 6.40047e-13 1.76884e-14
3.82192e-16 6.22166e-18 7.17786e-20 5.23242e-22 1.81245e-24           0           0           0           0           0           0           0           0           0           0           0    0.260755    0.623301    0.862737    0.962609    0.992117    0.998681    0.999822     0.99998    0.999998           1           1           1           1           1           1           1           1           1           1           1           1           1           1           1           1           1           1           1           1           1           1           1           1    0.739245    0.376699    0.137263    0.037391  0.00788342  0.00131918 0.000178335 1.97154e-05 1.79642e-06 1.35477e-07 8.46414e-09 4.37069e-10 1.85448e-11 6.40047e-13 1.76884e-14
3.82192e-16 6.22166e-18 7.17786e-20 5.23242e-22 1.81245e-24           0           0           0           0           0           0           0           0           0           0           0    0.260755    0.623301    0.862737    0.962609    0.992117    0.998681    0.999822     0.99998    0.999998           1           1           1           1           1           1           1           1           1           1           1           1           1           1           1           1           1           1           1           1           1           1           1           1    0.739245    0.376699    0.137263    0.037391  0.00788342  0.00131918 0.000178335 1.97154e-05 1.79642e-06 1.35477e-07 8.46414e-09 4.37069e-10 1.85448e-11 6.40047e-13 1.76884e-14
3.82192e-16 6.22166e-18 7.17786e-20 5.23242e-22 1.81245e-24           0           0           0           0           0           0           0           0           0           0           0    0.260755    0.623301    0.862737    0.962609    0.992117    0.998681    0.999822     0.99998    0.999998           1           1           1           1           1           1           1           1           1           1           1           1           1           1           1           1           1           1           1           1           1           1           1           1    0.739245    0.376699    0.137263    0.037391  0.00788342  0.00131918 0.000178335 1.97154e-05 1.79642e-06 1.35477e-07 8.46414e-09 4.37069e-10 1.85448e-11 6.40047e-13 1.76884e-14
3.82192e-16 6.22166e-18 7.17786e-20 5.23242e-22 1.81245e-24           0           0           0           0           0           0           0           0           0           0           0    0.260755    0.623301    0.862737    0.962609    0.992117    0.998681    0.999822     0.99998    0.999998           1           1           1           1           1           1           1           1           1           1           1           1           1           1           1           1           1           1           1           1           1           1           1           1    0.739245    0.376699    0.137263    0.037391  0.00788342  0.00131918 0.000178335 1.97154e-05 1.79642e-06 1.35477e-07 8.46414e-09 4.37069e-10 1.85448e-11 6.40047e-13 1.76884e-14
3.82192e-16 6.22166e-18 7.17786e-20 5.23242e-22 1.81245e-24           0           0           0           0           0           0           0           0           0           0           0    0.260755    0.623301    0.862737    0.962609    0.992117    0.998681    0.999822     0.99998    0.999998           1           1           1           1           1           1           1           1           1           1           1           1           1           1           1           1           1           1           1           1           1           1           1           1    0.739245    0.376699    0.137263    0.037391  0.00788342  0.00131918 0.000178335 1.97154e-05 1.79642e-06 1.35477e-07 8.46414e-09 4.37069e-10 1.85448e-11 6.40047e-13 1.76884e-14
3.82192e-16 6.22166e-18 7.17786e-20 5.23242e-22 1.81245e-24           0           0           0           0           0           0           0           0           0           0           0    0.260755    0.623301    0.862737    0.962609    0.992117    0.998681    0.999822     0.99998    0.999998           1           1           1           1           1           1           1           1           1           1           1           1           1           1           1           1           1           1           1           1           1           1           1           1    0.739245    0.376699    0.137263    0.037391  0.00788342  0.00131918 0.000178335 1.97154e-05 1.79642e-06 1.35477e-07 8.46414e-09 4.37069e-10 1.85448e-11 6.40047e-13 1.76884e-14
3.82192e-16 6.22166e-18 7.17786e-20 5.23242e-22 1.81245e-24           0           0           0           0           0           0           0           0           0           0           0    0.260755    0.623301    0.862737    0.962609    0.992117    0.998681    0.999822     0.99998    0.999998           1           1           1           1           1           1           1           1           1           1           1           1           1           1           1           1           1           1           1           1           1           1           1           1    0.739245    0.376699    0.137263    0.037391  0.00788342  0.00131918 0.000178335 1.97154e-05 1.79642e-06 1.35477e-07 8.46414e-09 4.37069e-10 1.85448e-11 6.40047e-13 1.76884e-14
3.82192e-16 6.22166e-18 7.17786e-20 5.23242e-22 1.81245e-24           0           0           0           0           0           0           0           0           0           0           0    0.260755    0.623301    0.862737    0.962609    0.992117    0.998681    0.999822     0.99998    0.999998           1           1           1           1           1           1           1           1           1           1           1           1           1           1           1           1           1           1           1           1           1           1           1           1    0.739245    0.376699    0.137263    0.037391  0.00788342  0.00131918 0.000178335 1.97154e-05 1.79642e-06 1.35477e-07 8.46414e-09 4.37069e-10 1.85448e-11 6.40047e-13 1.76884e-14
3.82192e-16 6.22166e-18 7.17786e-20 5.23242e-22 1.81245e-24           0           0           0           0           0           0           0           0           0           0           0    0.260755    0.623301    0.862737    0.962609    0.992117    0.998681    0.999822     0.99998    0.999998           1           1           1           1           1           1           1           1           1           1           1           1           1           1           1           1           1           1           1           1           1           1           1           1    0.739245    0.376699    0.137263    0.037391  0.00788342  0.00131918 0.000178335 1.97154e-05 1.79642e-06 1.35477e-07 8.46414e-09 4.37069e-10 1.85448e-11 6.40047e-13 1.76884e-14
3.82192e-16 6.22166e-18 7.17786e-20 5.23242e-22 1.81245e-24           0           0           0           0           0           0           0           0           0           0           0    0.260755    0.623301    0.862737    0.962609    0.992117    0.998681    0.999822     0.99998    0.999998           1           1           1           1           1           1           1           1           1           1           1           1           1           1           1           1           1           1           1           1           1           1           1           1    0.739245    0.376699    0.137263    0.037391  0.00788342  0.00131918 0.000178335 1.97154e-05 1.79642e-06 1.35477e-07 8.46414e-09 4.37069e-10 1.85448e-11 6.40047e-13 1.76884e-14
3.82192e-16 6.22166e-18 7.17786e-20 5.23242e-22 1.81245e-24           0           0           0           0           0           0           0           0           0           0           0    0.260755    0.623301    0.862737    0.962609    0.992117    0.998681    0.999822     0.99998    0.999998           1           1           1           1           1           1           1           1           1           1           1           1           1           1           1           1           1           1           1           1           1           1           1           1    0.739245    0.376699    0.137263    0.037391  0.00788342  0.00131918 0.000178335 1.97154e-05 1.79642e-06 1.35477e-07 8.46414e-09 4.37069e-10 1.85448e-11 6.40047e-13 1.76884e-14
2.82534e-16 4.59933e-18  5.3062e-20 3.86804e-22 1.33985e-24           0           0           0           0           0           0           0           0           0           0           0    0.192762    0.460773    0.637775    0.711604    0.733417     0.73827    0.739113    0.739231    0.739244    0.739245    0.739245    0.739245    0.739245    0.739245    0.739245    0.739245    0.739245    0.739245    0.739245    0.739245    0.739245    0.739245    0.739245    0.739245    0.739245    0.739245    0.739245    0.739245    0.739245    0.739245    0.739245    0.739245    0.739245    0.546484    0.278473    0.101471   0.0276411  0.00582778 0.000975198 0.000131834 1.45745e-05 1.32799e-06 1.00151e-07 6.25708e-09 3.23101e-10 1.37092e-11 4.73151e-13 1.30761e-14
1.43971e-16 2.34369e-18 2.70389e-20 1.97104e-22 6.82749e-25           0           0           0           0           0           0           0           0           0           0           0   0.0982259    0.234797    0.324992    0.362613    0.373729    0.376202    0.376631    0.376691    0.376698    0.376699    0.376699    0.376699    0.376699    0.376699    0.376699    0.376699    0.376699    0.376699    0.376699    0.376699    0.376699    0.376699    0.376699    0.376699    0.376699    0.376699    0.376699    0.376699    0.376699    0.376699    0.376699    0.376699    0.376699    0.278473    0.141902   0.0517066   0.0140851  0.00296967 0.000496933 6.71787e-05 7.42676e-06 6.76708e-07  5.1034e-08 3.18843e-09 1.64643e-10  6.9858e-12 2.41105e-13  6.6632e-15
5.24607e-17 8.54001e-19 9.85251e-21 7.18215e-23 2.48782e-25           0           0           0           0           0           0           0           0           0           0           0   0.0357919    0.085556    0.118422     0.13213    0.136181    0.137082    0.137238     0.13726    0.137262    0.137263    0.137263    0.137263    0.137263    0.137263    0.137263    0.137263    0.137263    0.137263    0.137263    0.137263    0.137263    0.137263    0.137263    0.137263    0.137263    0.137263    0.137263    0.137263    0.137263    0.137263    0.137263    0.137263    0.137263    0.101471   0.0517066    0.018841  0.00513238   0.0010821 0.000181074 2.44788e-05 2.70619e-06 2.46581e-07  1.8596e-08 1.16181e-09 5.99932e-11 2.54551e-12 8.78545e-14 2.42796e-15
1.42905e-17 2.32634e-19 2.68387e-21 1.95645e-23 6.77694e-26           0           0           0           0           0           0           0           0           0           0           0  0.00974987   0.0233058   0.0322586   0.0359929   0.0370962   0.0373416   0.0373843   0.0373902   0.0373909    0.037391    0.037391    0.037391    0.037391    0.037391    0.037391    0.037391    0.037391    0.037391    0.037391    0.037391    0.037391    0.037391    0.037391    0.037391    0.037391    0.037391    0.037391    0.037391    0.037391    0.037391    0.037391    0.037391    0.037391   0.0276411   0.0140851  0.00513238  0.00139808 0.000294769 4.93254e-05 6.66814e-06 7.37178e-07 6.71697e-08 5.06562e-09 3.16482e-10 1.63424e-11 6.93408e-13  2.3932e-14 6.61387e-16
3.01298e-18  4.9048e-20 5.65861e-22 4.12494e-24 1.42883e-26           0           0           0           0           0           0           0           0           0           0           0  0.00205564  0.00491375  0.00680132  0.00758866  0.00782128  0.00787302  0.00788202  0.00788327  0.00788341  0.00788342  0.00788342  0.00788342  0.00788342  0.00788342  0.00788342  0.00788342  0.00788342  0.00788342  0.00788342  0.00788342  0.00788342  0.00788342  0.00788342  0.00788342  0.00788342  0.00788342  0.00788342  0.00788342  0.00788342  0.00788342  0.00788342  0.00788342  0.00788342  0.00582778  0.00296967   0.0010821 0.000294769 6.21484e-05 1.03997e-05 1.40589e-06 1.55425e-07 1.41619e-08 1.06802e-09 6.67264e-11  3.4456e-12 1.46197e-13 5.04576e-15 1.39445e-16
 5.0418e-19 8.20749e-21 9.46888e-23  6.9025e-25 2.39095e-27           0           0           0           0           0           0           0           0           0           0           0 0.000343982 0.000822247  0.00113811  0.00126985  0.00130878  0.00131744  0.00131894  0.00131915  0.00131918  0.00131918  0.00131918  0.00131918  0.00131918  0.00131918  0.00131918  0.00131918  0.00131918  0.00131918  0.00131918  0.00131918  0.00131918  0.00131918  0.00131918  0.00131918  0.00131918  0.00131918  0.00131918  0.00131918  0.00131918  0.00131918  0.00131918  0.00131918  0.00131918 0.000975198 0.000496933 0.000181074 4.93254e-05 1.03997e-05 1.74024e-06 2.35257e-07 2.60082e-08  2.3698e-09 1.78719e-10 1.11657e-11 5.76572e-13 2.44639e-14 8.44337e-16 2.33342e-17
6.81585e-20 1.10954e-21 1.28007e-23 9.33126e-26 3.23225e-28           0           0           0           0           0           0           0           0           0           0           0 4.65018e-05 0.000111157 0.000153857 0.000171667  0.00017693   0.0001781 0.000178304 0.000178332 0.000178335 0.000178335 0.000178335 0.000178335 0.000178335 0.000178335 0.000178335 0.000178335 0.000178335 0.000178335 0.000178335 0.000178335 0.000178335 0.000178335 0.000178335 0.000178335 0.000178335 0.000178335 0.000178335 0.000178335 0.000178335 0.000178335 0.000178335 0.000178335 0.000178335 0.000131834 6.71787e-05 2.44788e-05 6.66814e-06 1.40589e-06 2.35257e-07 3.18035e-08 3.51596e-09 3.20365e-10 2.41604e-11 1.50946e-12 7.79449e-14  3.3072e-15 1.14143e-16 3.15447e-18
7.53507e-21 1.22663e-22 1.41514e-24 1.03159e-26 3.57333e-29           0           0           0           0           0           0           0           0           0           0           0 5.14088e-06 1.22886e-05 1.70092e-05 1.89782e-05   1.956e-05 1.96894e-05 1.97119e-05  1.9715e-05 1.97154e-05 1.97154e-05 1.97154e-05 1.97154e-05 1.97154e-05 1.97154e-05 1.97154e-05 1.97154e-05 1.97154e-05 1.97154e-05 1.97154e-05 1.97154e-05 1.97154e-05 1.97154e-05 1.97154e-05 1.97154e-05 1.97154e-05 1.97154e-05 1.97154e-05 1.97154e-05 1.97154e-05 1.97154e-05 1.97154e-05 1.97154e-05 1.97154e-05 1.45745e-05 7.42676e-06 2.70619e-06 7.37178e-07 1.55425e-07 2.60082e-08 3.51596e-09 3.88697e-10 3.54171e-11 2.67099e-12 1.66874e-13 8.61698e-15 3.65618e-16 1.26188e-17 3.48734e-19
6.86577e-22 1.11767e-23 1.28944e-25  9.3996e-28 3.25592e-30           0           0           0           0           0           0           0           0           0           0           0 4.68424e-07 1.11971e-06 1.54984e-06 1.72925e-06 1.78225e-06 1.79405e-06  1.7961e-06 1.79638e-06 1.79641e-06 1.79642e-06 1.79642e-06 1.79642e-06 1.79642e-06 1.79642e-06 1.79642e-06 1.79642e-06 1.79642e-06 1.79642e-06 1.79642e-06 1.79642e-06 1.79642e-06 1.79642e-06 1.79642e-06 1.79642e-06 1.79642e-06 1.79642e-06 1.79642e-06 1.79642e-06 1.79642e-06 1.79642e-06 1.79642e-06 1.79642e-06 1.79642e-06 1.32799e-06 6.76708e-07 2.46581e-07 6.71697e-08 1.41619e-08  2.3698e-09 3.20365e-10 3.54171e-11 3.22711e-12 2.43373e-13 1.52051e-14 7.85158e-16 3.33142e-17 1.14979e-18 3.17758e-20
5.17783e-23 8.42893e-25 9.72435e-27 7.08873e-29 2.45546e-31           0           0           0           0           0           0           0           0           0           0           0 3.53263e-08 8.44431e-08 1.16881e-07 1.30412e-07 1.34409e-07 1.35298e-07 1.35453e-07 1.35474e-07 1.35477e-07 1.35477e-07 1.35477e-07 1.35477e-07 1.35477e-07 1.35477e-07 1.35477e-07 1.35477e-07 1.35477e-07 1.35477e-07 1.35477e-07 1.35477e-07 1.35477e-07 1.35477e-07 1.35477e-07 1.35477e-07 1.35477e-07 1.35477e-07 1.35477e-07 1.35477e-07 1.35477e-07 1.35477e-07 1.35477e-07 1.35477e-07 1.35477e-07 1.00151e-07  5.1034e-08  1.8596e-08 5.06562e-09 1.06802e-09 1.78719e-10 2.41604e-11 2.67099e-12 2.43373e-13 1.83541e-14  1.1467e-15 5.92128e-17  2.5124e-18 8.67117e-20 2.39638e-21
3.23493e-24  5.2661e-26 6.07544e-28 4.42879e-30 1.53409e-32           0           0           0           0           0           0           0           0           0           0           0 2.20707e-09 5.27571e-09 7.30233e-09 8.14766e-09 8.39742e-09 8.45298e-09 8.46263e-09 8.46398e-09 8.46413e-09 8.46414e-09 8.46414e-09 8.46414e-09 8.46414e-09 8.46414e-09 8.46414e-09 8.46414e-09 8.46414e-09 8.46414e-09 8.46414e-09 8.46414e-09 8.46414e-09 8.46414e-09 8.46414e-09 8.46414e-09 8.46414e-09 8.46414e-09 8.46414e-09 8.46414e-09 8.46414e-09 8.46414e-09 8.46414e-09 8.46414e-09 8.46414e-09 6.25708e-09 3.18843e-09 1.16181e-09 3.16482e-10 6.67264e-11 1.11657e-11 1.50946e-12 1.66874e-13 1.52051e-14  1.1467e-15 7.16417e-17 3.69941e-18 1.56966e-19 5.41745e-21 1.49717e-22
1.67044e-25 2.71929e-27 3.13722e-29 2.28693e-31 7.92167e-34           0           0           0           0           0           0           0           0           0           0           0 1.13968e-10 2.72426e-10 3.77076e-10 4.20726e-10 4.33623e-10 4.36492e-10 4.36991e-10  4.3706e-10 4.37068e-10 4.37069e-10 4.37069e-10 4.37069e-10 4.37069e-10 4.37069e-10 4.37069e-10 4.37069e-10 4.37069e-10 4.37069e-10 4.37069e-10 4.37069e-10 4.37069e-10 4.37069e-10 4.37069e-10 4.37069e-10 4.37069e-10 4.37069e-10 4.37069e-10 4.37069e-10 4.37069e-10 4.37069e-10 4.37069e-10 4.37069e-10 4.37069e-10 3.23101e-10 1.64643e-10 5.99932e-11 1.63424e-11  3.4456e-12 5.76572e-13 7.79449e-14 8.61698e-15 7.85158e-16 5.92128e-17 3.69941e-18 1.91029e-19 8.10536e-21 2.79744e-22 7.73105e-24
